DATA Amhara total deaths 30 yo plus
2006	7500
2007	7500
2008	7400
2009	7200
2010	7000
2011	7000
2012	8500
2013	8600
2014	7400
2015	7300
2016	7200
DATA Amhara total population 30 yo plus
2006	7.2e+06
2007	6.9e+06
2008	7.2e+06
2009	7.5e+06
2010	7.8e+06
2011	8.1e+06
2012	8.4e+06
2013	8.7e+06
2014	8.9e+06
2015	9.2e+06
2016	9.4e+06
2017	9.7e+06
2018	9.91087e+06
2019	1.01263e+07
2020	1.03465e+07
2021	1.05714e+07
2022	1.08012e+07
2023	1.1036e+07
2024	1.12759e+07
2025	1.1521e+07
2026	1.17715e+07
2027	1.20274e+07
2028	1.22889e+07
DATA CBHI collected fees
2009	2.62718e+08
2010	4.1701e+08
2011	4.44988e+08
2012	5.1353e+08
2013	7.77397e+08
2014	1.05257e+09
2015	1.77382e+09
2016	2.03313e+09
DATA CBHI dropout
2009	291876
2010	449510
2011	496615
2012	557878
2013	589545
2014	475837
2015	395855
2016	1.03242e+06
DATA CBHI membership cost per household
2005	106
2006	106
2007	144
2008	144
2009	170
2010	240
2011	240
2012	350
2013	450
2014	450
2015	750
2016	800
2017	1000
2018	1133.79
2019	1269.64
2020	1384.56
2021	1496.82
2022	1618.18
2023	1749.39
2024	1891.23
2025	2044.57
2026	2210.35
2027	2389.56
2028	2583.31
DATA CBHI targeted households
2005	54212
2009	2.68498e+06
2010	3.75927e+06
2011	4.34104e+06
2012	4.38896e+06
2013	4.02045e+06
2014	4.07284e+06
2015	4.12293e+06
2016	4.47644e+06
2017	4.57375e+06
2018	4.67318e+06
2019	4.77477e+06
2020	4.87857e+06
2021	4.98463e+06
2022	5.09299e+06
2023	5.2037e+06
2024	5.31683e+06
2025	5.43241e+06
2026	5.55051e+06
2027	5.67117e+06
2028	5.79446e+06
DATA early loss to follow up DIA
2011	1100
2012	216
2013	720
2014	556
2015	788
2016	519
DATA early loss to follow up HTN
2011	1747
2012	1836
2013	1707
2014	2255
2015	2645
2016	2803
DATA Essential medication availability DIA
2007	0.37
2009	0.53
2011	0.48
DATA Essential medication availability HTN
2007	0.36
2009	0.41
2011	0.42
DATA general practitioners
2007	256
2008	366
2009	496
2010	782
2011	1098
2012	1220
2013	1379
2014	1380
2015	1378
2016	1345
DATA general subsidies
2009	2.62718e+07
2010	4.75399e+07
2011	6.15355e+07
2012	7.28346e+07
2013	1.04642e+08
2014	3.36226e+08
2015	4.93555e+08
2016	5.71388e+08
DATA health officers
2007	755
2008	868
2009	1366
2010	1654
2011	2002
2012	2325
2013	2423
2014	2969
2015	3226
2016	4445
DATA health service utilization per capita
2006	0.2
2007	0.38
2008	0.69
2009	0.7
2010	0.9
2011	1.21
2012	1.34
2013	1.5
2014	1.7
2015	1.8
2016	1.7
DATA inflation conversion multiplier for 2017 birr value
2005	9.99513
2006	9.24909
2007	8.61183
2008	7.78777
2009	7.27159
2010	6.49446
2011	5.59608
2012	4.71136
2013	3.7523
2014	2.7452
2015	1.81486
2016	1.26643
2017	1
2018	0.882
2019	0.787626
2020	0.722253
2021	0.668084
2022	0.617978
2023	0.571629
2024	0.528757
2025	0.4891
2026	0.452418
2027	0.418487
2028	0.3871
DATA new CBHI beneficiaries
2010	556536
2011	338601
2012	507162
2013	696736
2014	1.42751e+06
2016	917706
DATA new fee waived beneficiaries
2012	58952
2013	18848.7
2014	9523.3
2015	4051.23
2016	53703.5
DATA newly enrolled DIA
2011	13652
2012	12674
2013	10706
2014	12442
2015	12055
2016	13574
DATA newly enrolled HTN
2011	87400
2012	80316
2013	61895
2014	63366
2015	53028
2016	76935
DATA positive result for screened DIA
2011	31089
2012	27974
2013	21525
2014	26651
2015	19409
2016	26361
DATA positive result for screened HTN
2011	96912
2012	103390
2013	99488
2014	141780
2015	112631
2016	119110
DATA screened DIA
2011	374470
2012	571925
2013	757250
2014	1.11229e+06
2015	1.19461e+06
2016	1.18737e+06
DATA screened HTN
2011	1.20928e+06
2012	2.46424e+06
2013	2.90306e+06
2014	5.25219e+06
2015	5.24455e+06
2016	6.81181e+06
DATA total CBHI beneficiaries
2009	1.45938e+06
2010	2.14052e+06
2011	2.25734e+06
2012	2.53581e+06
2013	2.67975e+06
2014	3.17224e+06
2015	3.95855e+06
2016	2.86783e+06
DATA total CBHI reimbursements
2013	5.74172e+08
2014	7.34606e+08
2015	1.47284e+09
2016	4.53201e+09
DATA total CBHI reimbursements requested
2013	1.49806e+09
2014	1.089e+09
2015	2.7445e+09
2016	7.95548e+09
DATA total death among enrolled DIA patients
2011	191
2012	45
2013	56
2014	33
2015	57
2016	73
DATA total death among enrolled HTN patients
2011	216
2012	98
2013	94
2014	72
2015	118
2016	117
DATA total DIA patients previously enrolled
2011	48923
2012	54918
2013	44227
2014	27967
2015	27956
2016	40038
DATA total facility internal revenue
2007	4.05338e+08
2008	5.53215e+08
2009	6.8727e+08
2010	8.91672e+08
2011	1.08677e+09
2012	1.34476e+09
2013	1.76891e+09
2014	2.2404e+09
2015	3.33546e+09
2016	3.31779e+09
2017	4.8593e+09
DATA total facility revenue
2007	7.77792e+08
2008	6.12973e+08
2009	5.1756e+08
2010	3.38889e+08
2011	6.90436e+08
2012	6.17885e+08
2013	7.94479e+08
2014	3.76535e+08
2015	5.22244e+08
2016	7.06635e+08
2017	2.274e+09
DATA total fee waived beneficiaries
2011	433582
2012	492534
2013	511383
2014	520906
2015	524957
2016	578661
DATA total HTN patients previously enrolled
2011	97328
2012	115627
2013	99896
2014	99749
2015	88706
2016	109664
DATA total nurse
2007	1045
2008	1534
2009	2071
2010	2607
2011	3739
2012	4338
2013	4836
2014	5745
2015	6188
2016	6811
DATA total revolving drug funds
2005	1.43e+08
2006	1.4418e+08
2007	1.5e+08
2008	1.74e+08
2009	1.5e+08
2010	1.511e+08
2011	1.83299e+08
2012	1.87e+08
2013	1.8964e+08
2014	2.0933e+08
2015	2.616e+08
2016	3.285e+08
2017	4.615e+08
2018	5.23243e+08
2019	5.85938e+08
2020	6.38973e+08
2021	6.90781e+08
2022	7.46791e+08
2023	8.07341e+08
2024	8.72801e+08
2025	9.43569e+08
2026	1.02007e+09
2027	1.10278e+09
2028	1.1922e+09
DATA total utilized internal revenue
2007	2.36716e+08
2008	3.6368e+08
2009	5.45853e+08
2010	6.46819e+08
2011	8.27228e+08
2012	1.02879e+09
2013	1.35753e+09
2014	1.55283e+09
2015	2.5884e+09
2016	2.46344e+09
2017	3.73314e+09
